# clique_percolation_weighted_k_3
11 25 26 27 59 49 56 28 50 52 60 62 63 65 24
3 2 4

# clique_percolation_weighted_k_4
Finding 4-cliques...
Building clique graph... (0.004000 sec)
Running algorithm... (0.007000 sec)
Done. (0.008000 sec)
59 49 56 60 62 63 65 66
11 56 27 50

# coach_weighted
loading graph...
finding preliminary cores...
adding peripheral components...
11 25 26 49 28 44 42 34 3 72 71 70 69 4

# dpclus_weighted
49 59 63 60 65 56 66 62 64
11 27 56
26 25 11
24 28 11
17 18 19 20 21 22 23 24
30 35 36 37 38 39 11
42 43:: 69 70 71 76 72 :: 26
2 4 3
50 52 56
29 45 11
58 68
74 75 49
31 32 11 24
67 61 59 63 65
40 53
47 48 49

# graph_entropy_weighted
39 38 37 30 36 35
73 72 71 70 69 28
77 59 58 60 61 62 63 64 65 66 67
24 13 20 21 22 23 19 18 31 17 32
25 26 71 70 69 42 43 41
55 25 27
10 1 3 2 5 4 7 6 9 8
30 36 69 34 25 26 27 46 44 45 28 29 3 2 4 13 12 73 72 71 70 11 39 38 15 14 16 33 56 37 50 35 52
40 53
70 60 76 62 63 64 65 66 67 69 77 59 58 48 49 47 61 75 74

# ipca_weighted
11 26 27 59 58 49 42 56 28 50 52 60 62 63 64 65 66 70 71 69 72
11 26 59 58 49 42 76 56 28 60 61 62 63 64 65 66 67 71 69 70 72
24 11 26 27 59 25 42 56 28 50 52 65 71 70 49 69 72
24 11 26 27 20 21 22 23 19 18 56 28 17 25
28 60 61 62 63 64 65 66 67 69 26 49 42 77 76 72 71 70 11 59 58 56
11 25 26 27 59 71 49 56 30 28 36 35 50 65 70 24 69 52 72
11 25 39 38 59 71 49 28 30 56 37 36 35 50 27 26 65 70 24 69 52
11 25 26 27 59 58 49 55 42 56 28 50 52 63 65
11 25 26 27 59 71 49 32 56 28 50 52 65 70 24 69 29 72
11 25 26 27 59 71 49 56 28 50 52 3 2 4 70 24 69 72 65
11 25 26 27 59 71 49 44 56 28 50 52 65 70 24 69 29 72
11 25 26 27 49 28 56 42 43 76 63 72 71 70 69
11 25 26 27 59 71 49 56 28 50 52 73 65 70 24 69 29 72
11 26 59 58 49 76 56 28 62 60 61 75 63 64 65 66 67 69 70 74
11 25 26 27 59 71 49 56 45 28 29 50 65 70 24 69 52 72
11 25 26 27 59 71 49 42 56 28 50 40 52 65 70 24 69 72
24 11 13 27 59 25 56 28 26 50 65 71 70 49 69 52 29 72
24 11 26 20 23 22 25 19 32 31 30 28 17 18 21
11 25 26 27 59 71 49 56 28 50 34 65 70 24 69 52 29 72
11 26 27 59 58 49 57 56 42 50 52 60 62 63 64 65 66
59 58 49 56 42 60 62 63 64 65 66 68
11 26 59 58 49 47 76 56 28 60 61 62 63 64 65 66 67 69 70
11 27 55 56 50 53 52
46 11 45 28 29
9 11 3 2 4
11 25 26 27 71 28 56 51 50 52 70 24 69 42
11 27 55 54 56 50 52
47 48 49
11 25 26 27 71 49 42 56 28 41 76 72 70 24 69
1 11 3 2 4
11 3 2 5 4
11 3 2 4 7
11 3 2 4 6
11 8 3 2 4
11 10 3 2 4
11 25 26 27 59 71 49 56 28 50 52 12 65 70 24 69 29 72
11 25 26 27 15 71 49 56 28 50 52 65 70 24 59 69 29 72
11 25 26 27 59 14 49 56 28 50 52 65 70 24 71 69 29 72
11 25 26 27 59 71 16 56 28 50 52 65 70 24 49 69 29 72
11 25 26 27 59 71 49 33 56 28 50 52 65 70 24 69 29 72

# mcode_weighted
loading graph...
vertex weighting...
molecular complex prediction...
60 63 59
1 3 63
24 25 26 27 20 21 22 49 19 18 56 50 17 66 23
2 15 27
11 76 70 69 36 35
3 6 36
39 38 37 30
4 4 39